9,3,263~9,5,263
8,6,291~8,9,291
5,9,169~8,9,169
0,5,138~0,7,138
0,3,80~0,6,80
2,1,147~4,1,147
8,5,212~8,5,214
2,0,298~4,0,298
9,7,64~9,9,64
4,0,207~7,0,207
5,7,211~5,8,211
5,0,227~7,0,227
7,6,152~7,9,152
5,4,320~8,4,320
0,0,135~1,0,135
0,0,235~0,1,235
0,7,223~1,7,223
7,5,213~7,6,213
2,0,153~2,2,153
5,7,29~5,9,29
0,5,313~0,8,313
3,4,317~5,4,317
4,6,21~6,6,21
4,0,210~7,0,210
5,1,77~8,1,77
8,4,138~8,8,138
6,6,111~6,8,111
3,2,306~3,5,306
6,6,143~6,8,143
5,8,182~7,8,182
4,1,267~6,1,267
2,3,43~2,5,43
0,2,84~0,2,86
6,3,253~7,3,253
5,5,308~6,5,308
5,2,237~7,2,237
0,3,52~0,4,52
2,5,45~2,7,45
0,2,229~0,4,229
5,2,83~7,2,83
8,5,180~8,7,180
0,9,84~0,9,86
6,2,345~6,5,345
8,1,199~8,3,199
9,0,171~9,2,171
6,1,11~9,1,11
1,0,270~2,0,270
4,5,154~4,7,154
7,3,106~7,6,106
5,1,312~5,3,312
7,6,20~7,8,20
6,5,175~8,5,175
2,1,171~5,1,171
0,4,206~2,4,206
6,9,150~9,9,150
4,0,73~4,3,73
2,5,274~4,5,274
6,3,223~6,4,223
2,2,15~3,2,15
7,9,147~8,9,147
1,0,222~4,0,222
5,6,268~5,8,268
6,5,241~6,5,243
4,3,320~4,5,320
1,7,14~1,9,14
9,0,196~9,0,196
5,1,177~7,1,177
5,8,291~6,8,291
4,6,4~4,7,4
3,1,225~3,4,225
3,3,155~3,5,155
8,1,110~8,3,110
9,6,22~9,6,25
8,6,293~8,6,297
8,8,241~8,8,243
1,1,131~1,3,131
5,4,229~5,6,229
1,4,185~3,4,185
1,1,133~4,1,133
4,2,196~4,4,196
1,4,209~1,5,209
9,5,208~9,7,208
5,2,35~7,2,35
3,6,98~6,6,98
5,8,131~7,8,131
2,2,294~2,5,294
4,2,296~4,3,296
4,7,264~6,7,264
2,3,286~4,3,286
0,1,87~0,2,87
3,7,120~4,7,120
7,5,177~7,7,177
5,3,37~5,6,37
4,8,305~4,9,305
8,5,178~8,7,178
4,6,201~6,6,201
8,6,28~8,8,28
3,2,33~5,2,33
7,0,116~9,0,116
0,0,304~2,0,304
5,3,201~5,3,203
7,2,49~7,5,49
6,0,53~6,2,53
3,1,17~3,3,17
3,5,34~5,5,34
4,2,137~4,5,137
2,6,106~2,8,106
9,6,249~9,8,249
9,5,54~9,5,54
5,0,226~5,2,226
5,2,346~5,4,346
1,6,152~1,6,155
6,9,235~8,9,235
7,8,288~8,8,288
0,8,143~2,8,143
8,5,15~8,7,15
7,7,315~9,7,315
4,6,1~5,6,1
1,5,191~1,5,193
8,3,339~8,4,339
5,1,244~5,3,244
7,5,58~7,7,58
6,8,88~8,8,88
4,0,107~4,2,107
8,3,220~9,3,220
4,5,37~4,5,37
0,6,273~2,6,273
0,0,38~3,0,38
2,5,321~5,5,321
3,1,329~6,1,329
7,0,169~9,0,169
6,7,34~9,7,34
2,0,144~2,2,144
7,1,180~9,1,180
3,6,89~6,6,89
1,7,189~1,9,189
6,2,231~6,4,231
0,6,215~0,9,215
2,0,225~5,0,225
4,4,272~4,6,272
0,6,319~0,7,319
2,3,275~2,5,275
0,1,321~0,4,321
5,7,109~5,9,109
2,3,140~2,3,140
7,6,34~9,6,34
7,7,216~7,9,216
8,5,309~9,5,309
2,4,121~2,7,121
5,9,158~8,9,158
3,8,139~4,8,139
4,8,15~4,8,18
0,2,271~1,2,271
7,5,51~9,5,51
1,6,265~1,9,265
2,3,2~2,6,2
6,3,228~7,3,228
4,5,6~6,5,6
9,3,199~9,3,199
4,9,3~4,9,5
7,5,139~7,7,139
3,8,19~4,8,19
0,5,40~0,7,40
1,2,22~1,5,22
3,8,183~5,8,183
7,3,348~9,3,348
7,0,292~7,2,292
3,3,237~3,6,237
4,2,145~6,2,145
4,3,121~4,5,121
3,0,56~6,0,56
4,5,204~4,7,204
0,1,50~2,1,50
1,8,118~3,8,118
0,4,155~0,7,155
8,9,236~8,9,239
6,8,224~8,8,224
5,4,173~7,4,173
4,7,313~6,7,313
7,9,260~7,9,263
5,4,166~7,4,166
2,3,292~2,5,292
7,5,320~7,8,320
2,7,299~2,9,299
9,2,37~9,5,37
5,7,255~5,9,255
6,2,46~6,4,46
8,8,1~8,9,1
3,1,126~7,1,126
6,0,130~6,3,130
9,0,41~9,2,41
3,4,182~5,4,182
0,4,192~2,4,192
6,1,5~9,1,5
5,2,197~7,2,197
2,4,336~4,4,336
0,5,316~0,6,316
2,7,123~2,7,126
0,5,288~0,7,288
8,7,294~9,7,294
2,8,70~2,9,70
7,9,7~8,9,7
6,2,219~7,2,219
7,5,42~7,7,42
8,8,41~8,8,43
3,6,3~3,6,4
4,7,138~7,7,138
0,8,33~0,8,35
6,0,92~6,0,93
3,8,295~6,8,295
1,2,1~1,3,1
6,3,202~6,7,202
1,2,222~4,2,222
6,5,271~9,5,271
1,7,306~1,9,306
6,7,112~6,7,114
5,4,15~5,6,15
0,7,72~2,7,72
7,1,47~7,3,47
1,5,64~1,7,64
4,5,79~7,5,79
6,3,340~8,3,340
9,6,141~9,9,141
1,6,257~1,8,257
3,7,20~4,7,20
7,9,225~7,9,227
5,8,133~6,8,133
4,3,335~5,3,335
6,3,113~8,3,113
7,1,117~9,1,117
9,4,203~9,5,203
0,6,11~3,6,11
2,6,144~3,6,144
6,9,66~8,9,66
6,0,294~6,0,296
3,6,92~4,6,92
0,7,8~2,7,8
7,1,69~7,4,69
1,8,67~3,8,67
2,0,172~2,1,172
5,1,246~7,1,246
1,9,68~3,9,68
2,7,165~2,9,165
0,2,228~0,3,228
3,3,284~6,3,284
7,0,53~7,2,53
8,3,230~8,5,230
4,5,122~7,5,122
3,6,93~3,7,93
7,0,167~9,0,167
0,4,2~1,4,2
6,0,14~8,0,14
2,3,254~4,3,254
3,5,212~3,8,212
2,9,14~5,9,14
8,9,82~9,9,82
4,1,300~4,3,300
6,3,82~9,3,82
6,3,11~8,3,11
2,2,10~2,3,10
3,7,209~4,7,209
7,2,21~9,2,21
3,4,343~6,4,343
2,6,336~5,6,336
8,1,14~8,1,16
4,9,256~5,9,256
1,2,173~3,2,173
0,6,213~0,7,213
2,9,64~5,9,64
3,0,67~4,0,67
6,5,228~9,5,228
7,8,239~9,8,239
6,2,88~6,4,88
8,0,170~8,1,170
3,0,279~4,0,279
3,6,239~3,8,239
5,3,301~5,4,301
5,2,5~5,3,5
4,6,31~4,7,31
6,4,36~6,5,36
1,5,44~1,6,44
8,6,162~8,8,162
2,8,33~2,8,33
2,2,150~2,3,150
3,5,41~5,5,41
1,3,269~4,3,269
3,8,292~6,8,292
9,5,313~9,7,313
0,0,274~2,0,274
7,4,62~7,6,62
9,3,53~9,5,53
3,3,136~3,6,136
2,4,183~2,6,183
3,9,325~5,9,325
2,6,14~3,6,14
1,6,48~1,9,48
9,2,311~9,5,311
4,2,143~4,4,143
7,7,253~7,9,253
5,4,314~8,4,314
8,4,94~8,6,94
9,5,262~9,8,262
5,4,185~5,6,185
4,5,171~5,5,171
6,6,235~8,6,235
9,5,202~9,6,202
4,3,146~6,3,146
5,6,72~5,7,72
0,4,139~0,6,139
7,0,268~7,1,268
4,7,153~4,8,153
6,8,296~9,8,296
3,2,34~3,4,34
2,0,6~2,0,8
5,2,64~5,3,64
4,7,165~4,8,165
7,7,77~9,7,77
0,8,261~2,8,261
3,5,132~3,9,132
1,3,286~1,3,288
7,6,13~7,6,16
6,9,229~7,9,229
0,5,189~1,5,189
7,5,36~7,5,39
3,4,294~5,4,294
8,0,262~8,2,262
6,0,20~6,2,20
5,8,14~6,8,14
5,7,220~7,7,220
2,9,35~2,9,37
0,6,225~0,8,225
1,2,326~1,4,326
5,5,306~8,5,306
8,1,277~8,2,277
1,7,4~1,9,4
5,5,288~5,6,288
5,3,39~6,3,39
0,1,270~2,1,270
9,3,233~9,5,233
0,8,3~2,8,3
5,4,168~5,6,168
0,8,264~0,9,264
9,1,245~9,4,245
5,6,10~7,6,10
6,8,184~8,8,184
7,1,343~7,3,343
5,4,43~6,4,43
6,3,135~6,6,135
1,6,55~1,8,55
7,4,105~9,4,105
8,2,274~8,3,274
5,3,246~6,3,246
3,7,123~5,7,123
5,3,65~5,3,67
5,4,254~6,4,254
0,4,122~2,4,122
0,5,151~0,6,151
5,0,6~5,2,6
0,9,82~2,9,82
7,5,231~7,7,231
3,6,311~4,6,311
9,3,159~9,3,161
8,0,13~8,2,13
3,2,167~3,2,170
4,4,99~4,6,99
1,9,143~3,9,143
2,6,111~2,8,111
0,7,318~3,7,318
2,3,146~2,3,147
6,1,256~6,1,259
4,9,33~6,9,33
4,0,70~4,3,70
7,5,318~9,5,318
2,1,8~2,3,8
0,7,287~3,7,287
0,4,6~0,6,6
5,2,20~5,5,20
4,3,339~6,3,339
8,5,337~8,5,337
0,8,31~2,8,31
2,8,162~4,8,162
1,8,309~3,8,309
5,2,219~5,3,219
7,2,231~7,4,231
6,9,252~6,9,253
8,4,111~8,4,111
5,9,118~8,9,118
7,4,328~9,4,328
5,4,82~7,4,82
4,6,209~6,6,209
7,0,264~9,0,264
0,3,311~1,3,311
1,7,11~1,7,13
3,2,146~3,4,146
0,3,70~2,3,70
7,3,257~9,3,257
1,2,219~2,2,219
4,4,283~7,4,283
7,7,180~7,8,180
5,0,162~5,1,162
3,8,145~3,8,147
0,3,10~0,5,10
5,5,334~8,5,334
3,7,142~3,9,142
1,7,16~3,7,16
8,4,110~8,6,110
3,3,263~5,3,263
3,9,322~5,9,322
0,8,253~4,8,253
0,4,79~0,6,79
2,5,260~2,8,260
3,3,43~5,3,43
4,2,36~4,4,36
3,2,1~3,3,1
6,3,30~7,3,30
6,4,249~6,4,252
8,6,141~8,7,141
0,1,278~0,1,278
0,5,300~1,5,300
1,8,255~3,8,255
1,4,260~1,4,263
7,8,293~9,8,293
3,6,47~5,6,47
6,7,90~6,9,90
1,7,211~1,9,211
6,1,264~7,1,264
3,5,244~3,7,244
3,1,265~3,1,267
8,3,73~8,5,73
8,1,269~9,1,269
1,4,126~1,7,126
7,2,136~9,2,136
5,3,193~7,3,193
1,4,52~1,4,54
4,5,129~7,5,129
2,1,157~5,1,157
1,8,131~2,8,131
8,5,111~8,7,111
9,1,280~9,3,280
3,5,125~3,6,125
8,4,23~8,6,23
6,7,148~6,7,148
6,1,215~7,1,215
1,2,48~3,2,48
7,4,30~7,6,30
5,1,137~5,3,137
8,7,168~8,9,168
5,0,59~5,3,59
4,1,343~4,3,343
5,2,238~5,5,238
6,5,190~8,5,190
9,1,36~9,3,36
8,4,234~8,5,234
9,2,55~9,4,55
2,5,284~2,7,284
4,3,180~4,5,180
4,6,137~4,8,137
2,1,170~2,3,170
9,1,1~9,1,2
3,8,252~5,8,252
1,2,133~1,2,134
4,3,349~6,3,349
6,9,257~8,9,257
3,7,161~5,7,161
8,1,228~8,2,228
5,3,337~8,3,337
5,0,144~7,0,144
3,5,153~6,5,153
2,0,297~4,0,297
0,9,122~2,9,122
0,4,76~1,4,76
5,5,284~5,9,284
6,0,253~6,2,253
6,3,24~6,5,24
1,3,28~1,5,28
3,5,42~3,5,45
3,1,277~3,3,277
2,5,276~3,5,276
4,1,330~4,4,330
1,3,144~3,3,144
9,6,35~9,8,35
9,8,65~9,9,65
0,3,194~0,5,194
3,4,31~3,6,31
8,1,227~8,2,227
4,4,306~4,5,306
5,0,24~6,0,24
9,5,249~9,5,250
2,2,177~2,5,177
4,0,134~6,0,134
3,3,120~3,3,122
3,4,201~3,6,201
2,4,248~5,4,248
9,3,35~9,5,35
5,9,31~7,9,31
5,6,68~8,6,68
7,0,345~7,3,345
1,0,75~1,2,75
7,1,326~7,4,326
4,2,85~6,2,85
5,3,254~6,3,254
4,7,32~4,9,32
4,0,257~6,0,257
1,5,71~1,7,71
8,8,39~8,9,39
9,1,14~9,1,16
5,0,78~5,1,78
2,3,78~2,4,78
6,3,115~6,3,118
2,9,166~2,9,168
1,5,327~1,7,327
7,0,20~9,0,20
7,1,124~8,1,124
1,8,133~2,8,133
1,7,19~3,7,19
7,2,50~9,2,50
7,0,66~9,0,66
0,8,147~0,8,149
2,2,119~2,3,119
8,5,79~8,7,79
4,0,234~4,3,234
0,1,319~0,3,319
1,8,105~3,8,105
3,6,44~3,8,44
6,7,116~6,9,116
3,6,134~5,6,134
7,3,28~9,3,28
1,9,308~3,9,308
4,8,251~7,8,251
0,9,233~2,9,233
9,3,197~9,4,197
8,5,236~8,5,239
5,5,120~7,5,120
5,3,13~7,3,13
5,5,154~5,7,154
7,0,233~7,3,233
1,7,135~3,7,135
7,8,165~8,8,165
3,0,268~3,2,268
9,2,119~9,4,119
2,6,315~2,8,315
2,5,216~2,7,216
3,3,61~6,3,61
4,3,50~7,3,50
2,4,28~3,4,28
4,8,266~4,8,269
1,2,125~1,4,125
2,1,265~2,3,265
9,6,100~9,9,100
5,4,88~5,4,91
2,2,18~4,2,18
2,3,123~2,3,126
5,2,338~5,4,338
1,0,211~4,0,211
4,2,140~4,4,140
4,6,7~6,6,7
8,6,27~8,6,27
2,0,19~2,2,19
1,1,11~3,1,11
0,4,266~0,4,268
9,7,318~9,7,321
6,8,301~6,9,301
0,6,64~0,8,64
5,1,1~5,4,1
2,0,111~2,0,113
0,8,145~0,9,145
6,6,145~6,7,145
5,1,128~5,3,128
1,5,270~1,7,270
5,8,135~6,8,135
2,2,236~2,4,236
8,4,141~8,5,141
5,5,310~5,7,310
3,0,137~5,0,137
4,9,93~6,9,93
4,6,145~5,6,145
3,2,334~3,4,334
4,3,19~4,5,19
3,3,172~5,3,172
9,4,244~9,5,244
0,7,312~0,9,312
1,4,303~5,4,303
3,7,96~5,7,96
7,4,55~7,6,55
2,2,190~4,2,190
3,0,62~5,0,62
1,0,301~4,0,301
2,4,235~2,7,235
6,6,19~9,6,19
8,6,261~8,8,261
2,5,219~2,5,222
6,6,23~6,8,23
8,6,112~8,6,115
1,3,19~3,3,19
1,4,188~1,7,188
2,9,232~4,9,232
8,3,158~8,3,161
2,3,283~5,3,283
3,0,166~5,0,166
7,0,252~9,0,252
4,5,207~4,6,207
1,0,74~1,1,74
3,5,111~3,8,111
0,8,138~0,8,140
4,9,288~6,9,288
2,8,167~5,8,167
3,1,301~6,1,301
4,1,257~4,3,257
7,5,135~9,5,135
2,5,312~2,7,312
0,6,137~3,6,137
7,6,232~7,7,232
6,0,339~6,1,339
8,5,193~8,5,195
7,8,259~9,8,259
5,4,170~8,4,170
0,4,9~1,4,9
3,3,32~6,3,32
1,4,204~4,4,204
7,3,344~9,3,344
9,3,164~9,6,164
5,5,144~5,7,144
2,0,214~2,2,214
2,7,206~4,7,206
7,0,250~9,0,250
0,5,144~0,7,144
2,1,37~4,1,37
7,5,204~7,6,204
2,1,6~2,2,6
3,2,241~5,2,241
6,5,250~8,5,250
3,4,29~5,4,29
0,2,80~3,2,80
7,2,221~7,6,221
3,3,149~3,3,150
8,6,21~8,8,21
9,0,19~9,3,19
5,3,197~6,3,197
3,8,9~4,8,9
3,4,331~6,4,331
8,6,156~8,9,156
5,4,243~6,4,243
2,0,196~2,2,196
3,3,115~3,6,115
0,3,76~3,3,76
6,6,99~9,6,99
0,5,282~3,5,282
5,2,272~6,2,272
1,5,52~2,5,52
9,6,63~9,8,63
4,9,119~5,9,119
5,1,149~5,4,149
6,7,206~6,7,208
7,4,67~7,8,67
6,1,321~6,4,321
4,3,252~5,3,252
5,5,28~5,8,28
2,4,47~2,6,47
5,6,267~7,6,267
2,0,131~4,0,131
7,6,140~7,6,141
4,7,141~6,7,141
7,8,298~8,8,298
6,6,61~9,6,61
6,8,25~6,8,27
7,1,23~7,2,23
6,8,92~6,8,94
8,3,275~8,3,276
5,2,261~5,2,264
6,5,198~6,6,198
9,0,40~9,2,40
2,3,342~5,3,342
5,4,69~5,5,69
5,0,143~5,1,143
6,6,291~6,7,291
0,6,230~2,6,230
1,5,78~1,6,78
5,9,160~7,9,160
1,4,77~1,7,77
3,7,236~5,7,236
7,0,248~7,3,248
2,4,291~4,4,291
0,8,142~2,8,142
2,7,29~2,8,29
3,8,21~5,8,21
3,5,224~3,7,224
5,5,87~5,9,87
6,2,234~6,5,234
9,0,194~9,2,194
5,5,38~5,6,38
2,0,158~2,3,158
4,3,164~6,3,164
4,2,271~4,3,271
6,1,82~8,1,82
4,4,292~4,6,292
2,3,167~5,3,167
3,6,123~5,6,123
4,5,80~5,5,80
6,5,8~9,5,8
0,2,313~0,4,313
9,0,117~9,0,120
5,0,346~7,0,346
4,2,105~4,5,105
5,3,282~5,5,282
6,5,303~9,5,303
1,8,170~2,8,170
8,1,17~8,1,20
3,1,154~3,3,154
6,0,204~6,2,204
0,5,154~0,7,154
6,1,270~6,4,270
4,5,17~5,5,17
1,5,308~1,7,308
1,2,329~1,4,329
0,0,266~0,2,266
7,3,10~9,3,10
1,2,76~1,2,77
8,3,13~8,7,13
3,1,276~6,1,276
9,1,230~9,2,230
1,6,267~3,6,267
2,6,64~2,8,64
1,0,225~1,2,225
6,2,48~6,2,50
2,0,159~4,0,159
5,6,33~7,6,33
3,2,310~3,4,310
3,8,24~5,8,24
8,5,71~8,8,71
7,2,322~7,4,322
0,1,273~0,1,275
0,4,265~3,4,265
7,3,254~9,3,254
1,7,75~1,7,75
5,4,265~5,6,265
4,1,129~8,1,129
2,0,173~2,1,173
9,1,116~9,3,116
1,8,35~1,9,35
8,5,40~8,6,40
3,4,1~3,5,1
5,3,176~5,4,176
5,5,66~8,5,66
3,4,289~5,4,289
4,8,285~7,8,285
7,0,115~7,2,115
0,0,58~0,2,58
2,0,3~4,0,3
1,1,62~4,1,62
3,5,245~3,8,245
8,4,316~8,4,317
0,4,237~0,6,237
6,5,31~8,5,31
6,3,35~6,4,35
0,7,221~0,9,221
8,3,102~8,6,102
6,7,187~6,8,187
6,6,298~6,8,298
8,7,151~8,9,151
8,3,107~8,5,107
6,0,132~6,2,132
6,0,335~6,2,335
7,1,120~9,1,120
1,5,119~1,7,119
4,2,259~7,2,259
2,1,138~4,1,138
4,1,3~4,3,3
2,0,108~5,0,108
6,1,21~6,1,21
6,2,224~9,2,224
1,8,112~4,8,112
5,7,108~6,7,108
3,9,66~5,9,66
8,7,167~8,9,167
3,1,260~3,4,260
2,2,164~3,2,164
4,4,279~6,4,279
8,6,87~8,8,87
2,0,36~3,0,36
5,2,34~5,4,34
2,8,173~2,9,173
9,2,275~9,3,275
4,6,337~4,8,337
8,5,159~8,7,159
8,6,200~8,6,201
0,1,82~0,3,82
4,3,295~4,4,295
2,4,186~5,4,186
2,2,216~4,2,216
8,6,172~8,8,172
8,7,317~8,9,317
0,0,66~0,2,66
1,9,303~2,9,303
1,0,24~1,2,24
9,4,266~9,7,266
5,4,246~7,4,246
7,2,163~7,5,163
7,0,130~7,2,130
4,8,140~4,9,140
8,1,76~8,3,76
1,5,112~3,5,112
8,1,39~8,2,39
0,3,285~2,3,285
9,2,123~9,4,123
5,7,127~5,7,128
4,4,59~4,6,59
2,2,40~2,5,40
1,1,3~3,1,3
4,4,240~6,4,240
4,9,238~6,9,238
1,7,34~1,9,34
7,4,207~7,4,209
7,7,182~7,7,184
0,6,45~1,6,45
0,3,251~3,3,251
0,5,297~3,5,297
0,3,346~2,3,346
8,5,142~8,7,142
5,1,81~5,1,84
4,7,261~6,7,261
7,4,78~7,7,78
1,3,148~1,6,148
3,5,248~3,5,250
8,2,217~8,4,217
1,2,175~1,2,176
4,3,187~4,6,187
2,7,209~2,9,209
5,3,200~5,4,200
4,5,214~4,8,214
9,4,34~9,5,34
6,8,250~6,9,250
0,4,1~0,6,1
3,3,108~4,3,108
2,7,233~4,7,233
3,5,227~3,7,227
4,6,12~4,9,12
8,5,37~8,6,37
2,3,31~2,6,31
2,6,60~2,8,60
2,2,63~3,2,63
6,0,289~8,0,289
8,3,67~8,5,67
7,2,153~9,2,153
0,2,323~2,2,323
3,9,172~5,9,172
6,5,210~9,5,210
3,4,259~3,7,259
1,3,257~3,3,257
7,0,235~7,3,235
5,4,312~8,4,312
7,0,32~7,3,32
7,7,60~7,9,60
1,4,30~1,4,33
7,0,118~7,0,120
0,7,258~2,7,258
5,2,267~5,4,267
0,0,181~0,0,183
1,6,313~1,8,313
1,2,2~1,2,4
0,9,79~4,9,79
5,2,67~5,2,67
8,4,2~9,4,2
8,2,121~9,2,121
7,7,190~7,7,190
0,0,47~0,2,47
3,5,134~7,5,134
0,8,135~2,8,135
6,8,233~9,8,233
7,8,171~8,8,171
7,5,54~8,5,54
1,0,64~3,0,64
0,3,43~0,5,43
2,2,152~2,3,152
6,4,126~8,4,126
0,0,234~0,1,234
0,0,178~0,3,178
2,4,239~2,4,241
4,3,232~5,3,232
8,1,130~8,2,130
5,4,71~5,4,73
2,3,173~2,5,173
0,8,110~4,8,110
0,0,68~0,2,68
1,8,104~2,8,104
3,2,162~6,2,162
7,2,267~7,4,267
8,7,16~8,8,16
3,8,51~5,8,51
1,0,275~1,2,275
8,2,38~9,2,38
3,5,235~3,8,235
4,7,314~4,9,314
2,7,230~5,7,230
9,9,267~9,9,270
6,2,265~9,2,265
5,7,17~5,8,17
6,3,27~8,3,27
5,1,178~5,1,180
2,2,184~4,2,184
4,3,138~4,4,138
0,4,143~0,5,143
4,3,5~4,4,5
7,8,4~7,8,4
1,9,301~3,9,301
4,4,108~4,6,108
8,1,123~8,1,123
2,3,13~2,3,14
2,3,312~3,3,312
8,8,139~9,8,139
4,6,107~4,8,107
1,5,311~1,6,311
4,4,85~6,4,85
4,6,230~6,6,230
0,7,210~3,7,210
7,5,147~7,5,149
5,0,139~7,0,139
0,3,73~0,4,73
6,1,1~6,3,1
4,1,161~4,3,161
5,0,64~8,0,64
7,5,128~7,6,128
2,6,175~4,6,175
3,5,8~3,7,8
2,4,125~2,4,127
9,7,142~9,9,142
7,0,255~8,0,255
8,3,272~8,3,273
3,6,101~3,8,101
5,0,145~7,0,145
6,0,287~6,3,287
8,4,300~8,6,300
6,0,326~6,2,326
5,3,76~5,4,76
6,2,324~9,2,324
5,0,35~7,0,35
6,8,261~6,8,261
5,0,254~5,1,254
6,4,80~6,5,80
2,9,235~3,9,235
1,5,140~3,5,140
5,2,201~7,2,201
2,6,51~3,6,51
3,4,198~4,4,198
5,9,245~5,9,246
0,2,232~0,4,232
1,0,71~1,1,71
2,7,169~2,9,169
8,8,91~9,8,91
9,3,195~9,4,195
4,3,82~5,3,82
2,3,198~4,3,198
4,3,162~7,3,162
2,3,179~4,3,179
0,5,140~0,5,142
9,3,31~9,5,31
7,1,37~9,1,37
1,4,50~3,4,50
4,6,8~4,8,8
2,9,32~3,9,32
2,9,73~3,9,73
1,6,309~3,6,309
5,0,230~6,0,230
5,9,96~7,9,96
4,8,212~7,8,212
2,7,114~4,7,114
1,5,158~1,8,158
2,1,149~3,1,149
4,1,150~6,1,150
8,4,46~8,4,49
7,4,234~7,7,234
2,2,45~2,4,45
9,1,228~9,4,228
4,1,302~4,1,302
6,7,305~8,7,305
0,4,5~2,4,5
2,2,161~2,5,161
3,5,102~4,5,102
3,6,117~3,9,117
9,0,277~9,2,277
1,5,278~4,5,278
0,1,313~2,1,313
0,5,290~2,5,290
0,5,4~1,5,4
7,1,49~9,1,49
4,8,74~6,8,74
9,1,52~9,1,54
0,8,144~0,9,144
2,8,130~5,8,130
6,9,149~9,9,149
0,0,180~1,0,180
2,2,181~2,5,181
7,0,200~7,2,200
7,6,273~7,7,273
9,5,3~9,6,3
4,2,187~7,2,187
2,1,122~2,3,122
5,5,324~5,8,324
3,5,299~3,6,299
3,6,151~3,8,151
7,2,189~7,6,189
7,8,153~9,8,153
0,6,149~1,6,149
4,1,75~4,4,75
7,6,129~9,6,129
2,6,65~2,8,65
6,3,195~6,5,195
0,6,227~1,6,227
5,6,71~5,8,71
9,3,83~9,3,84
3,7,242~6,7,242
3,0,294~5,0,294
4,7,104~6,7,104
2,9,40~4,9,40
1,2,314~2,2,314
3,0,278~3,1,278
5,4,286~5,7,286
0,1,44~0,3,44
8,7,73~8,7,76
5,5,3~5,5,5
5,1,36~7,1,36
8,4,41~8,4,43
5,1,19~7,1,19
4,8,324~4,9,324
8,2,200~8,2,201
4,2,223~4,5,223
8,1,171~8,1,174
4,4,268~4,4,270
6,1,260~6,1,261
8,6,234~8,9,234
9,7,236~9,9,236
0,2,2~0,3,2
0,3,252~0,5,252
3,4,40~5,4,40
6,6,13~6,7,13
1,8,103~3,8,103
5,0,274~7,0,274
9,3,124~9,3,124
9,1,115~9,5,115
5,5,174~6,5,174
2,4,148~4,4,148
8,9,37~9,9,37
8,4,139~8,7,139
6,2,87~8,2,87
9,6,37~9,6,39
9,6,205~9,7,205
0,1,264~1,1,264
1,7,116~1,7,118
2,1,228~4,1,228
6,2,225~6,4,225
1,1,129~1,4,129
6,0,243~8,0,243
0,2,79~0,3,79
7,3,125~7,7,125
6,4,64~6,7,64
2,7,231~2,9,231
0,8,256~0,8,256
7,8,273~7,9,273
4,3,173~4,6,173
5,1,80~5,3,80
9,1,236~9,5,236
5,7,25~7,7,25
0,5,224~0,7,224
2,6,13~4,6,13
1,6,13~1,6,16
6,6,74~8,6,74
6,1,33~8,1,33
6,0,336~8,0,336
2,4,39~2,6,39
4,5,95~4,7,95
7,7,219~7,9,219
4,8,272~6,8,272
7,2,22~9,2,22
3,3,227~3,3,230
2,5,125~2,6,125
1,6,145~3,6,145
5,3,271~8,3,271
5,9,287~8,9,287
1,6,237~2,6,237
8,1,156~8,3,156
5,0,302~8,0,302
3,1,142~3,4,142
5,6,91~8,6,91
5,2,3~8,2,3
5,5,146~6,5,146
5,2,150~7,2,150
3,1,39~5,1,39
7,8,221~9,8,221
2,5,203~3,5,203
0,6,66~0,7,66
1,3,308~3,3,308
3,0,151~3,1,151
9,3,108~9,4,108
2,2,193~4,2,193
6,5,201~9,5,201
6,0,273~6,2,273
4,6,313~4,6,314
9,0,266~9,1,266
2,5,262~4,5,262
8,2,16~9,2,16
4,2,242~4,2,245
7,0,10~9,0,10
2,4,332~4,4,332
8,0,338~9,0,338
7,0,131~8,0,131
2,1,141~4,1,141
0,4,131~2,4,131
0,6,189~3,6,189
6,1,71~7,1,71
3,1,42~3,3,42
3,8,46~3,8,48
1,8,264~4,8,264
2,2,33~2,3,33
6,5,229~6,5,232
0,4,315~0,7,315
5,3,22~7,3,22
3,9,319~5,9,319
4,0,146~6,0,146
5,8,257~7,8,257
7,1,266~8,1,266
6,6,155~7,6,155
2,4,49~2,6,49
0,5,39~0,7,39
4,2,289~6,2,289
4,9,63~7,9,63
9,2,193~9,4,193
3,0,128~3,3,128
8,6,63~8,7,63
0,7,141~0,9,141
8,2,258~8,4,258
3,0,219~3,1,219
4,4,305~6,4,305
9,0,253~9,0,256
5,0,22~5,2,22
7,6,305~8,6,305
8,4,26~8,6,26
4,1,173~4,1,175
3,3,220~7,3,220
0,0,55~0,1,55
0,2,227~2,2,227
5,8,300~5,8,302
0,7,63~3,7,63
3,4,121~3,6,121
1,0,134~1,1,134
6,8,208~9,8,208
0,7,320~0,8,320
1,5,146~1,6,146
1,6,239~1,7,239
4,6,131~4,8,131
2,0,161~2,0,163
8,8,216~8,9,216
4,8,256~6,8,256
3,5,7~3,6,7
2,2,274~2,2,277
9,3,223~9,7,223
1,5,115~1,7,115
0,9,234~0,9,238
8,2,51~8,4,51
3,3,83~5,3,83
1,9,120~3,9,120
2,7,172~2,9,172
4,1,230~4,3,230
6,5,237~6,5,239
3,3,138~3,6,138
2,6,177~4,6,177
2,0,11~4,0,11
9,5,315~9,6,315
7,2,210~7,4,210
3,0,132~5,0,132
8,1,261~8,3,261
3,2,49~5,2,49
5,5,180~5,7,180
7,1,285~7,4,285
0,7,53~3,7,53
5,0,167~5,0,169
9,1,156~9,3,156
2,4,77~5,4,77
9,5,231~9,8,231
9,1,272~9,3,272
3,1,161~3,1,161
4,4,277~4,6,277
0,3,139~3,3,139
0,7,145~1,7,145
0,4,322~1,4,322
5,6,75~5,6,76
2,9,317~4,9,317
6,5,102~6,7,102
4,5,25~6,5,25
5,4,6~7,4,6
3,4,117~3,4,118
8,3,38~8,5,38
5,7,246~5,8,246
1,7,51~2,7,51
8,3,39~8,6,39
1,4,266~4,4,266
0,7,311~1,7,311
6,4,47~6,6,47
1,0,230~1,2,230
4,5,98~7,5,98
7,1,203~7,2,203
3,3,250~6,3,250
5,1,251~7,1,251
7,9,144~9,9,144
0,9,218~0,9,220
6,7,247~6,9,247
6,9,92~8,9,92
3,4,3~5,4,3
3,1,332~5,1,332
2,2,73~2,5,73
8,1,231~8,2,231
6,9,10~8,9,10
1,5,151~1,6,151
4,6,295~5,6,295
7,3,192~9,3,192
5,2,118~8,2,118
1,7,149~1,7,151
6,7,245~7,7,245
5,5,177~5,7,177
7,4,252~7,4,253
1,1,259~1,4,259
6,0,90~6,2,90
3,7,29~3,9,29
7,0,36~7,0,37
5,1,228~5,4,228
6,1,197~7,1,197
5,3,309~5,5,309
6,7,205~6,8,205
5,2,216~7,2,216
0,1,61~0,1,63
3,0,142~6,0,142
0,0,271~2,0,271
7,5,29~9,5,29
3,2,295~3,5,295
3,5,118~6,5,118
3,0,125~3,3,125
2,1,217~3,1,217
6,1,330~6,1,332
0,3,75~0,4,75
0,4,147~3,4,147
5,1,336~7,1,336
0,1,197~2,1,197
6,7,254~6,9,254
6,9,222~9,9,222
6,4,204~8,4,204
2,1,272~2,2,272
9,6,240~9,8,240
7,9,265~9,9,265
5,5,70~6,5,70
7,5,10~7,5,11
0,4,235~0,7,235
5,8,148~5,8,149
2,2,191~2,4,191
5,6,105~5,8,105
3,1,13~3,3,13
7,1,294~7,2,294
7,6,325~7,9,325
0,2,325~0,3,325
0,5,37~2,5,37
5,3,215~8,3,215
9,7,3~9,9,3
3,1,18~5,1,18
5,7,243~5,9,243
8,5,218~8,7,218
2,1,311~2,4,311
3,6,256~3,7,256
5,7,210~7,7,210
7,0,240~7,2,240
0,2,237~2,2,237
8,9,171~8,9,171
7,1,118~7,1,119
5,6,263~5,8,263
0,0,233~1,0,233
2,7,271~5,7,271
2,6,213~2,9,213
5,5,176~8,5,176
6,7,323~8,7,323
6,2,205~6,3,205
1,1,267~1,3,267
1,8,291~4,8,291
6,0,52~6,2,52
9,0,273~9,1,273
9,5,167~9,6,167
3,5,149~5,5,149
1,0,70~3,0,70
9,2,125~9,2,127
7,7,37~9,7,37
1,8,27~3,8,27
6,8,235~9,8,235
8,5,118~8,7,118
7,0,349~7,1,349
7,9,6~9,9,6
7,9,93~9,9,93
6,0,299~6,0,301
3,3,281~3,6,281
7,8,322~9,8,322
1,3,347~3,3,347
8,1,80~8,4,80
5,8,3~7,8,3
4,4,100~4,4,101
8,4,29~8,4,30
8,4,232~8,5,232
2,6,140~2,6,141
7,5,241~9,5,241
8,5,216~8,7,216
7,5,216~7,6,216
8,7,81~8,9,81
0,3,176~2,3,176
1,4,25~3,4,25
8,0,44~9,0,44
7,1,213~7,3,213
2,4,123~2,6,123
8,0,268~8,1,268
9,0,8~9,3,8
1,5,5~1,7,5
7,3,33~7,5,33
9,3,225~9,5,225
5,6,99~5,7,99
8,2,77~8,2,78
3,1,136~5,1,136
2,3,34~2,5,34
4,1,60~6,1,60
4,5,152~4,7,152
8,1,135~8,3,135
7,4,249~7,5,249
3,5,103~6,5,103
3,5,158~3,7,158
4,8,217~4,8,220
4,3,341~4,5,341
7,5,141~7,5,144
4,5,82~4,6,82
5,1,31~5,4,31
1,1,20~1,3,20
0,3,316~1,3,316
6,7,260~6,8,260
6,2,14~8,2,14
7,5,270~7,8,270
3,8,288~6,8,288
6,1,194~6,4,194
0,0,303~2,0,303
5,7,32~9,7,32
5,3,114~7,3,114
2,2,76~3,2,76
2,2,344~2,4,344
4,8,25~4,9,25
8,6,84~8,8,84
8,3,197~8,6,197
5,7,146~5,9,146
2,2,295~2,2,299
9,4,247~9,6,247
1,3,117~3,3,117
3,9,144~3,9,144
2,6,118~3,6,118
4,6,159~4,8,159
4,8,299~4,8,302
0,3,12~0,3,12
4,6,84~6,6,84
4,2,154~7,2,154
7,9,34~9,9,34
4,7,28~4,8,28
0,3,195~2,3,195
3,3,63~4,3,63
2,3,69~5,3,69
7,8,215~9,8,215
2,4,7~2,4,8
6,2,149~6,5,149
3,7,9~3,7,11
6,6,75~6,7,75
0,0,269~0,1,269
5,0,164~7,0,164
5,7,124~5,8,124
2,6,62~2,8,62
8,4,75~8,4,77
1,8,297~5,8,297
3,3,298~5,3,298
3,2,62~3,4,62
6,5,245~6,6,245
1,6,41~3,6,41
0,6,69~2,6,69
0,2,53~2,2,53
4,8,2~4,8,2
1,6,57~4,6,57
6,1,133~8,1,133
4,0,247~4,3,247
8,2,157~8,2,160
4,4,145~4,4,147
5,6,12~5,8,12
2,3,75~3,3,75
3,1,159~5,1,159
5,3,333~5,6,333
1,0,268~1,2,268
5,0,291~7,0,291
3,0,258~5,0,258
3,5,253~3,7,253
5,1,174~7,1,174
7,5,304~7,7,304
2,9,76~4,9,76
5,6,238~6,6,238
2,7,156~4,7,156
1,5,70~1,7,70
3,7,290~6,7,290
1,7,147~1,9,147
0,7,158~0,7,158
7,3,44~7,6,44
6,1,112~9,1,112
3,3,223~3,5,223
4,1,269~5,1,269
2,7,128~2,8,128
0,0,186~0,0,186
6,7,189~8,7,189
1,1,262~3,1,262
1,3,325~1,6,325
1,6,219~3,6,219
5,3,170~6,3,170
6,1,172~6,3,172
0,0,52~0,2,52
3,6,148~5,6,148
2,0,35~2,2,35
0,1,51~0,3,51
0,8,233~2,8,233
3,0,229~5,0,229