[.#...] (0,2,3,4) (0,1,3,4) (0,3,4) {220,13,8,220,220}
[....###..] (0,2,3,4,5,6,7) (0,2,3,4,7) (5,6) (2,7,8) (0,1,2,3,6,7,8) (0,1,2,3,4,5,6,7) (4,8) (2,4,5,6,7,8) (1,4) {30,31,60,30,46,40,51,60,42}
[###.#.##] (1,2,3,6,7) (0,1,3,4,6,7) (1,2,4,6,7) (3,4,6) (0,1,2,4,5,6,7) (0,5) (0,1,2,3,4,6) (0,1,3,4) (0,1,5) {50,67,39,36,44,30,48,43}
[##.##] (0,2,4) (1,2,3,4) (0,1,2,4) (0,3,4) {211,20,215,30,228}
[###.#.###] (1,3) (0,1,3,4,5,6,7,8) (5,7) (0,2,4,5,6,7) (2,4,7) (0,6) (0,1,3,7) (0,3,8) (0,1,3,4) (1,2,3,4,6,7,8) {68,52,20,69,42,28,41,54,41}
[...#] (2,3) (1,2,3) (0) (1,2) (0,1,3) {33,26,12,23}
[..##..#] (0,3,5) (1,2,4,5,6) (0,2,3,5,6) (0,2) (1,4,6) {43,4,27,39,4,43,23}
[.###..####] (0,2,3,4,7,9) (0,3,5,6,7,8,9) (0,2,3,4,5,6,7) (1,2,3,4) (4,7) (1,2,5,7,9) (0,1,3,4,5,6,7,8) (0,2,3,4,5,6,7,9) (0,2,5,6,8,9) (2,3,4,7,8,9) {51,35,69,62,70,67,47,93,39,52}
[##.....###] (0,1,2,3,4,5,8,9) (2,4,5,6) (0,1,3,4,6,7,8) (0,1,3,5,7) (0,4,6,9) (1,2,3,4,5,6,7,8) (3,4,5,6) (0,1,3,5,6,8,9) {37,24,12,42,56,38,54,20,17,24}
[#####] (0,3) (1,2,3) (0,1,2) (1,2) (0,1,4) (1,4) (0,1,3) {39,40,24,26,10}
[#..###...] (1,2,3,8) (1,4,5,6,7,8) (2,4) (2,3) (0,2,4,7) (0,1,2,3,4,6,7,8) (0,1,2,3,4,5,6,8) {35,41,88,56,55,23,23,20,41}
[##..####] (0,1,3,4,5,6) (0,2,5,6) (0,6) (4,5,7) (0,1,3,4,5,7) (1,3,6) (3,7) (1,2) (1,2,4,6) {40,50,25,45,30,38,46,37}
[.#####..] (0,5,7) (1,6,7) (0,4) (1,2,3,4,5,7) (0,1,2,5,6,7) (2,5,6) (0,3,4,6) (0,1,2,3,4,7) (2,4,5,7) (0,2,4,5) {44,36,47,25,50,54,13,56}
[##.#] (0,1,3) (0,1,2,3) {29,29,18,29}
[###.] (0,1,3) (2,3) (1,3) (1,2) {2,33,21,28}
[.###..##.] (5,8) (0,2,3,4,5,6,7) (0,2,3,5,7,8) (1,2,4,6,8) (3,6) (1,3,5,7,8) (1,4,8) {28,39,36,55,40,56,36,46,58}
[.#....#.#] (0,1,2,4,5,6,7) (0,2,3,4,5,6,8) (1,5,7,8) (1,2,3,5,8) (1,7,8) (0,3,4,5,8) (1,2,5,6,7) (0,1,2,3,4,5) (1,3,4,6,7) (1,2,3,4,5,6,8) (3,8) {20,60,39,48,35,56,40,46,47}
[.#.#.#] (4,5) (1,2,4) (0,1,2,3) (0,5) (0,2,3,4) (3,4) (1,2,3,4) (0) {33,17,31,30,47,10}
[#.###...] (0,2,3,4,7) (1,2) (0,5,7) (0,2,3,4,6,7) (0,2,3,4,5) (0,3,4,6) (1,3,4,6) {20,12,22,23,23,9,13,4}
[#.#.] (0,2) (1,3) {20,8,20,8}
[##.#.#..] (0,1,3,4) (0,2,7) (0,1,3,4,5,7) (5,7) (2,4,6,7) (1,4) (0,1,2,4,5,6) (2,3,4,5,6,7) {36,42,30,39,60,39,25,40}
[....#] (2,3) (0,3,4) (1,2,4) (1,2) {17,20,30,27,20}
[.#.#] (1,3) (0,1,2) {5,20,5,15}
[#.###.] (3) (0,1,2,3) (0,4) (0,5) (1,4) (2,3,5) (0,3,4,5) {50,25,14,40,40,35}
[......#] (0,2,3,4) (3,5) (0,1,2) (0,1) (1,2,4,5,6) (1,2,4,6) (1,4,5) (0,2,5,6) (0,1,3,5) {39,47,27,21,28,25,12}
[#...#.#] (2,5,6) (0,1,2,3,4,6) (0,4,6) (0,2,4,5,6) (1,2,3,4) (0,1,5,6) (4,6) {44,37,35,18,57,36,73}
[##...] (1,2) (0,3) (1,2,3) (0,1,4) (0,3,4) {26,37,32,41,22}
[..##.#...#] (3,4,5,6,7,8) (0,1,4,5,7) (0,1,2,3,4,6,8,9) (1,2,3,4,5,6,9) (0,1,2,5,7,8,9) (2,3,4,7,9) (0,1,4,5,6,7,8) (7,8) (0,2,3,4,5,7) (0,3,5,7,9) (0,2,3,6,9) (1,2,3,7,9) {73,56,85,78,79,75,49,84,45,73}
[....##] (3,4) (2,3,4) (2,4,5) (0,2,4) (0,1,2,4,5) (2) {7,0,42,32,50,11}
[..#.#] (1,2) (2,4) (0,1,3,4) (0,1,3) (1,2,3,4) {11,27,16,15,5}
[#....#..#] (1,3,8) (2,4,5,6) (0,3,4,7) (3,4) (1,2,4,5,6,7,8) (1,5) (0,1,3,6) {9,39,18,17,23,38,25,9,12}
[##..##] (0,1,3,5) (1,2) (3,4) (0,1,4,5) (1,4,5) {13,43,10,5,30,33}
[##..##.#] (0,1,3,4,5) (0,2,4,6,7) (0,1,2,3,4,7) (2,3,5) (0,2,3,4) (1,2,4,5,6) (2,3,6,7) (0,2,6) {42,30,74,50,45,43,52,24}
[.#..###] (0,1,2,5,6) (0,2) (1,3,4,5,6) (0,1,2,3,5,6) (0,3,4,5,6) (3,4,5,6) {144,121,130,118,16,135,135}
[####.#] (1,2,4,5) (1,3,5) (1,4) (0,1,5) (2) (0,2,5) {36,55,35,15,20,67}
[..###.##..] (1,3,5,7,8,9) (2,3,8) (0,1,3,4,7,8,9) (7,8) (0,3,4,5,6,7,8,9) (2,4) (2,8) (0,6,8) (3,4,5,6,7,9) (2) (5,6) {21,3,67,52,48,43,43,32,53,32}
[#....#] (0,2,3,4,5) (0,1,4) (0,2,3) (0,2,4,5) (0,2) (1,2,5) (2,5) (0,4) {207,25,84,33,172,49}
[..#...#] (0,3,4,5) (3,5,6) (4) (2,6) (1,2,6) {10,1,20,28,18,28,38}
[....######] (0,1,2,6,7) (0,1,2,3,4,5,7,8,9) (0,3,4,5,6,8) (0,3,5,6,7,8,9) (0,3,9) (1,7) (4,5,6,7,8,9) (1,4,7,8) (1,3,9) (1,2,9) (0,3,4) (8,9) (2,4,6,7) {52,69,52,53,42,26,54,74,37,79}
[##....###] (0,1,2,3,5,6,7,8) (0,1,2,3,4,7) (1,2,3,6,7,8) (1,4) (0,1,3) (1,2,3,6,8) (0,3,4,8) (0,2,3,4,5,6,7) (0,1,3,4,5,8) (3,6,8) {36,210,208,226,25,13,203,34,211}
[###......] (3) (0) (2,3,4,5,7,8) (1,2,3,7) (0,2,3,4,7,8) (2,5,7) (1,2,3,4,6,7) (0,2,3,5,7) (8) (0,1,2,3,7) (0,2,3,4,6,8) {55,33,108,109,52,50,23,94,153}
[##..] (3) (1,2) (1,3) (2) (0,2) {0,117,108,17}
[#.#.] (0,2,3) (1,2) (0) (0,1) (0,3) {49,15,16,35}
[#.####] (1,3,4) (0,2,3,4,5) (2,3) (0,3,5) (0,1) (0,2,4) {55,8,40,49,30,37}
[.##...##] (5,6) (0,2,3,5,6,7) (0,1,3,4,5,7) (1,2,3) (1,2,3,5,7) (0,1,2,5,6) (2,4,7) (1,3,4,5,6,7) (2,4,6,7) {33,66,74,54,21,71,49,45}
[###.] (0,1,3) (0,1,2) {17,17,8,9}
[.#...] (3,4) (0,2,3,4) (0,1,4) (0,2,4) (1,2,4) (1) (0,1,3) {28,37,10,13,28}
[#..##.#] (1,6) (2,5,6) (4) (0,1,2,4,6) (0,3) (0,1,2,4) {36,41,40,3,51,7,31}
[####.] (2,4) (0,3,4) (0,1,3,4) {15,10,0,15,15}
[##.#..#.#.] (1,5) (2,4,5) (1,9) (2,6) (0,3,4,5,7) (0,3,4) (0,1,2,3,5,6,9) (0,2,3,5,7,8) (3,5) (3,5,6,7,8,9) (1,2) (5,6,7,8,9) (8) {51,52,203,75,167,237,70,59,51,70}
[###...###] (0,1,2,3,4,6,8) (0,8) (2,3,5,6) (0,3,5) (0,2,3,4,6,7,8) (0,5) (2,3,8) (7) (0,1,2,3,4,5,6,7) (1,3,4,7) {75,39,35,74,52,38,32,42,40}
[#.#...#.##] (0,2,3,5,7,8,9) (5) (1,2,3,4,6,7,8,9) (0,1,2,6,8) (1,2) (5,6,7,8) (1,5,7,8) (0,1,3,4,5,6,7,9) (0,1,4,5,6,7,8,9) {51,77,47,41,45,83,69,84,85,57}
[#.##.#.#.#] (0,1,2,3,4,5,8,9) (5,8) (1,3,5,7,8,9) (0,1,3,5,6,9) (0,1,4,5,6,8,9) (1,2,5,6,7,9) (0,7) (0,4,5,8) (1,2,3,6,7) (1,2,3) (7,8) (8) (0,2,3,4,5,6,9) {180,171,43,62,146,193,159,41,157,177}
[###.#] (0,1,2,4) (1,2,3,4) (0,4) (0,3) {143,136,136,28,141}
[#.#.#..###] (0,1,2,7,8,9) (0,3,9) (3,5,6,8,9) (2,3,5,7,9) (0,1,4,5,6) (0,5,7,8) (3,4,5,7,8,9) (1,5,6) (0,1,5,8,9) (0,1,2,3,4,6,7,8) (0,1,5,6,7,8) (3,6,7,9) (1,2,9) {75,71,39,62,22,94,45,82,93,109}
[.#..#.] (1,2,4,5) (0,3,5) (3,4,5) (0) (0,2,3,5) (2,5) (1,4) (0,2,4) {31,11,33,40,36,52}
[.#.#..#.] (2,3) (6) (2,5,6) (0,2,6) (0,1,5) (0,2,4,6) (0,1,3,4,6,7) (1,2,4,5,6,7) (1,3) (0,3,4,5) {37,54,45,39,41,60,63,30}
[.##.#..###] (1,9) (1) (0,1,2,3,4,7,9) (0,1,2,4,6,7,8,9) (5,8) (0,1,2,3,4,6,7,9) (1,2,3,4,5,6,7,8,9) (1,2,4,5,7,9) (0,1,2,3,5,6,7,8) (0,2) (1,3,5,6,8,9) (4,6) {63,125,87,63,70,66,66,86,66,101}
[#...###.##] (0,4,8) (0,2,3,4,6,8) (1,2,3,9) (1,5) (0,1,2,3,4,7,8,9) (1,2,3) (0,1,2,4,5,7) (1,6,9) {23,58,38,33,23,10,17,20,18,32}
[.#.#.###] (0,3,4,5,6,7) (1,3,5,6,7) (0,3,6) (0,2,3,4,5,6) (0,1,2,4,6) (1,5,7) {58,40,24,61,41,55,74,44}
[.#..#] (1,2,4) (1,3) (2,4) (0,1,3) (0,2) (0,2,4) (4) {25,19,25,19,40}
[...#..#.] (0,1,2,3,4,7) (2,3,4) (0,1,3,4,7) (0,2,4,5,6,7) (0,1,6,7) (1,2,3,4,5,6,7) (0,1,6) (1,2,4,5,6) (0,1,2,4) (1,5,6) {177,221,194,155,196,50,79,158}
[#..#.....] (0,2,4,7,8) (2,3,8) (3,4) (4,6) (1,3,4,6,7) (0,5,6) (1,2,7) (4,5,6,8) {33,14,37,23,45,32,40,30,43}
[.###] (0) (1,3) (2,3) (0,2) (2) (1,2,3) {20,15,48,20}
[..#..] (4) (1,3) (2,3,4) (0,2,4) (0,4) (1,4) (2,3) {12,10,17,23,37}
[..##] (1,2,3) (0,3) (0,2) {35,20,39,36}
[#.##.#.] (0,4,6) (3,4,5,6) (0,1,4,5,6) (3,5) (1,3) (1,2,3,4,6) {15,166,18,192,51,38,51}
[.##.] (0,2,3) (0) (1,3) (0,2) {21,5,1,5}
[#....###.] (1,4,5,8) (4,6,8) (0,1,3,5,6,7) (0,1,2,3,4,5,7,8) (1,3,5,8) (2) (3,7,8) (1,5,6) (0,3,4,5,6,7) {31,61,19,218,51,74,56,198,225}
[#.##] (0,1) (2,3) (0,2,3) (0) {19,1,17,17}
[...#..#] (0,2,3,4,6) (5,6) (1,2,3,4,6) (0,2) (1,5) (1,3) (0,1,3,5,6) (0,4,5,6) {42,38,29,27,14,51,40}
[.##.] (0,1) (1,3) (0,3) (2,3) (0) (1) {140,152,7,41}
[.###.] (0,2,3,4) (0,1,4) (0,2,3) {35,9,26,26,27}
[...#...#..] (7,9) (3,4) (0,2,3,4,5,6,7,8,9) (0,1,3,4,7,8,9) (0,1,2,4,6,8) (0,4,5,6,8) (0,2,3,4,5,6,8) (1,5,6,8) (0,1,2,3,4,6,7,8) (7,8) {71,27,47,48,76,46,64,49,88,27}
[.#..##..] (0,1,4,5,6,7) (0,1,3) (0,2,3,4,5,6) (0,2,4,6,7) (1,6,7) (0,3,5,6) {50,37,28,35,34,29,57,34}
[##.#.#] (0,2,5) (1,3,4) (0,2,3,4,5) (4,5) (0,4) (0,2) (3,4) (0,2,3,5) {162,8,42,44,154,47}
[.#..#.#.#] (3,6) (0,1,3,4,5,7,8) (0,2,3,4,5,6,7,8) (1,2,3,7,8) (0,1,2,3,5) (1,7) (0,2,3,4,5,7,8) (0,4,6) (3,8) (1,5,6,7,8) (0,2,5,8) {50,38,53,67,27,38,39,39,57}
[.##.] (0) (0,2,3) (1,3) (2) (1,2) (0,1) {25,24,16,12}
[#.##.] (0,4) (0,2,3) (4) (2) (0,3) (1,2,4) {22,17,46,11,34}
[#.#...] (0,1,2,4) (1,2,3,5) (0,1,5) (0,2) {40,33,47,10,20,13}
[###.#.] (3,5) (0,1,4) (1,4,5) (2) {11,25,2,1,25,15}
[#.##..#] (0,4,5) (0,2) (2,5) (0,1,3,4,6) (3,6) (1,2,4,5) (2,3,4,5,6) {42,32,67,38,60,61,38}
[.#.#.....#] (2,6,8) (0,3,4,6,8,9) (0,1,2,3,5,7) (0,1,2,3,4,5,6) (0,2,3,4,7,8,9) (1,6,7,8) (0,6,7) (1,5) (1,3,4,7) {49,60,50,64,51,33,61,46,43,16}
[##..##.] (0,1,4,5) (0,1,4,5,6) (0,1,3,5) (0,1,2,6) (1,3,4) (1,2,4) {52,65,18,14,46,41,28}
[.##..#] (1,5) (0,4) (0,2,3,4) (0,1,2,4,5) {32,15,25,14,32,15}
[#..#.] (0,1,2,3) (1,2,3,4) (3,4) (0,3) (1,3,4) {188,24,22,223,35}
[....#.#] (2,5,6) (1,5) (0,1,2,4,6) (2,4) (0,3,4,5) (4,5,6) (0,1,2) {31,27,28,16,45,38,24}
[###...] (1,5) (1,2,3,4) (3,4) (0,3,4) (0,1,2) (0,1,2,4) (3,5) {38,39,25,34,36,29}
[#..##.] (2,3,4) (2,3) (2,3,4,5) (0,1,3,4) (1) (0,2,3,4,5) {12,19,39,42,41,21}
[.#.###] (0,3) (1,4) (0,2,5) (0,1,5) (1,2,3,5) {37,28,14,19,15,24}
[##....##.#] (1,2,5,6,7,8,9) (0,8,9) (0,1,2,4,5,7,9) (0,1,2,3,6,7,8,9) (0,1,3,4) (0,2,4,7,8) (2,4,5,6) (0,1,2,3,4,6,9) {54,202,198,32,50,186,186,180,178,192}
[#.#..#..] (0,2,5) (3,4,5,6,7) (0,2,4,5,6,7) (1,2,3,5,6) (0,2,6) (2,4,7) (1,2,3,6) (1,2,5,7) (2,4) (1,5) {20,37,66,18,27,50,23,24}
[#...###.#.] (1,6,7) (0,3,4) (0,5,6) (0,1,2,3,4,6,8,9) (0,1,3) (0,2,3,4,8,9) (1,2,3,5,6,7,8) (0,4,5,6,8) {50,24,11,32,32,18,26,6,27,11}
[#....#] (0,3,4,5) (1,2,5) (1,3,5) (1,2,3,5) (3) (0,5) (2,3) (1,2,4,5) {22,16,17,32,17,38}
[...#..##] (0,3,4,5,6,7) (0,1,3,5,7) (1,2,6) (0,4,7) (0,1,4) (0,1,2,3,4,5,6) (5,7) (0,2,4,5,6,7) {70,41,39,21,69,54,45,54}
[#.#.###.] (0,2,3,4,6,7) (0,2,3,5,7) (0,2,3,5,6) (1,2,5,6,7) (2,5) (0,1,2,4,5) (2,4,7) (0,4,5,7) (1,4,5) (0,3,6) {79,31,82,55,52,58,53,56}
[.###..##] (0,1,3,4,5,6) (0,5) (1,4,7) (0,1,2,5,6,7) (2,3,5) (1,2,3,6,7) {32,35,197,193,17,211,30,23}
[.##.#####.] (0,2,3,4,9) (0,3,4,8,9) (0,1,2,3,4,5,7) (7,9) (0,1,4,7,9) (1,2,3,5,6,7,8,9) (0,1,3,5,6,7) (0,1,2,4,6,8) (2,4,5,6) {98,73,81,72,105,58,59,68,41,73}
[#.#..#..] (0,5,7) (0,1) (1,3,6) (2,5) (0,4,6) (2,6,7) (1,2,3,4,6,7) {31,25,3,20,12,14,35,17}
[#.#.#..#.] (0,1,3,4,7,8) (0,2,4,5,6,7,8) (1,2,3,4,5,6,7) (0,1,3,4,5,6,7) (1,3,5,6,8) (3,4,7,8) (0,2,3,5,6,7,8) (0,2,4,5,7,8) {49,41,43,70,50,63,59,69,69}
[.##....] (0,1,4,6) (0,1,2,6) (1,2,3,4,6) (0,3,5) (2,3,6) {32,28,32,27,16,7,45}
[....###.#] (1,3,6,8) (0,4,6,8) (0,1,2,4,7,8) (1,4,5,6) (1,2,3,4,7) (0,1,2,3,4,7,8) (0,2,3,6,8) (4,5,6,8) (2,4,6) (0,1,3,4,5,6,8) (0,1,2,5,6,7,8) {50,44,35,46,49,22,45,24,67}
[#...#.] (3,5) (0,3) (1,2,5) (0,3,4) (0,4) (1,2,3,4) (1,3,4) {217,32,18,254,39,26}
[..##.##..#] (3,4,7,8) (3,7) (1,4,5,6,7) (0,2,4,6,9) (0) (0,2,6,7,8) (1,3,4,5,7,8,9) (0,1,2,5,6,7,8,9) (0,1,5,6,9) (0,3,4,5,6,8,9) (0,1,2,5,8,9) {73,226,37,229,224,242,47,240,250,240}
[#.##.] (1,2,3) (1) (0,2,3) (0,4) {30,29,33,33,10}
[#.####.#] (1,3,6,7) (6,7) (0,1,2,5,7) (1,2,3,4,6,7) (4,7) (1,5,7) (0,3,4,5,6) (1,5) {26,36,6,33,34,43,44,45}
[##...#.#.] (0,4,5,7) (0,1,3,4,5,7,8) (0,3) (0,1,2,5,8) (2,8) (2,5,6) (6,7) (0,1,2,3,4,6,8) {48,28,52,10,28,57,31,28,37}
[..##.#.##] (2,5,6,7) (3) (0,1,2,6) (1,2,3,4,5,8) (0,2,4,5,6,7,8) (1,3,4,6,7,8) (2,5,7,8) (0,3,4,6,8) {35,18,148,29,23,133,50,132,131}
[#.#.#.] (3) (2,3,4,5) (5) (2,4,5) (1,3,4,5) (0,2,3) (3,4,5) (0,1,2,5) {210,36,231,240,57,83}
[..#.####.#] (2,3,4,6,7,8) (5,9) (0,1,8) (1,2,4,5,6,7,9) (0,2,4,5,6,9) (0,1,2,3,4,6,7,8) (0,1,3) (0,1,3,4,6,8) (0,1,2,3,4,5,6,7) (1,2,5,7,8) (1,2,3,4,5,6,8,9) {72,109,83,76,84,59,84,61,83,41}
[#....#] (1,2,4,5) (1,5) (0,3,4,5) (3) (0,2,3,4,5) {22,25,24,36,39,47}
[..#.#.##.] (1,2,5,7) (2,6) (1,4,5,6) (0,1,2,4,6,7,8) (0,1,3,7) (0,1,2,3,4,8) (1,3,4,6,7,8) {168,200,184,8,179,30,186,185,164}
[.#.#] (0,1,3) (2,3) (1,2) {3,7,21,20}
[#.#..#.##] (0,2,5,7,8) (0,1,2,3,5,7,8) (1,3,4,7) (4,7,8) (0,1,4,7) (1,2,4,5,6,7) (3,6,7) (1,4) (0,1,4,5,6,8) {60,91,40,43,234,51,32,246,201}
[..###] (0,1,2,4) (1,2,3,4) (0,1,3) (0,3,4) (0,2,4) {139,40,30,133,135}
[####..] (0,2,3,4) (0,1,2,3) (0,1,2,5) (1,3,4,5) (2,4) {11,21,19,28,36,21}
[#..#####.] (0,1,5,7) (2,3,5,6,7) (0,1,2,3,4,5) (3,4,5) (0,1,2,3,5,6,7,8) (1,3,7,8) (3,4,6) {41,51,39,53,24,49,22,38,22}
[..#..##.#] (0,3,5,6,8) (4,6) (1,3,4) (1,2,3,5,7,8) (0,1,2,4,5) (2,3,4,5,6,7) (1,6) (2,5) (1,2,5,8) (0,3,6) {24,55,37,45,18,55,56,17,51}
[.#.#....] (4,5,6,7) (1,3,4,7) (1,2,4,5,7) (3,4,6,7) (2,7) (0,5) (1,2,3,4,5,6,7) (0,1,3,4,6) (2,4,5) {34,201,186,47,221,205,41,213}
[..##] (0,1,3) (2,3) (1,2) {6,25,148,135}
[...#.] (1,3,4) (0,1,3,4) (2) (3,4) (0,2) (0,1,2,3) {138,138,21,145,145}
[#.###] (2,3,4) (1,4) (1,2,3) (0,2,3) (0,1,4) (3,4) {19,42,29,38,53}
[...#...] (1,3,5) (0,2,5,6) (2,4) (0,1,3,5,6) (2,3,5,6) (1,5) (0,5) (2,3,4,5,6) {23,27,59,45,32,77,40}
[...#] (0) (1,2,3) (1) (1,2) (1,3) (0,2,3) {18,40,34,29}
[..##...] (0,2,3) (1,2,5,6) (5,6) (0,2,3,4) (0,1,3,4,5,6) (0,1,2,3,4,6) (1,3,4) {47,61,48,58,44,38,53}
[#...#.#..#] (2,4,5,6,7,9) (0,1,2,3,4,5,6,9) (5,7,8) (0,1,3,4,5,6,7,9) (0,3,6) (1,2,3,4,5,7) (5) (1,2,3,4,5,6,7,9) (1,9) (3,4,5,7,8) (2,3,4,7,9) (0,8) (0,2,3,7,8) {63,81,58,109,81,97,66,89,37,66}
[#..#####.#] (1,3,4,5,6,7,8,9) (1,3,7,8) (2,4,6,8,9) (0,1,2,3,4,5,6,9) (2,3,4) (1,2,3,4,7,8) (1,3,9) (4,6,7) (0,2,3,4,5,6,8,9) (0,2,3,4,5,6,7,9) {34,40,62,73,74,46,56,43,61,63}
[#.###] (0,3) (1,2,4) (2,4) {12,12,26,12,26}
[.#.#] (1) (0,2,3) (1,2) (1,3) (2) {20,42,36,37}
[#..#.] (0,3,4) (1,2,4) (0,2,3) (2,3) (2,3,4) {20,9,44,42,26}
[.#.#.#.] (1,6) (1,3,5) (3,4,6) (0,1,4) (0,6) (4,5,6) (2,3,4,5) (0,1,2,4,5) (0,1,4,5,6) {59,68,15,33,75,53,78}
[..#.##.#] (1,4,5,7) (0,1,2,3,4,7) (2,5) (0,4,6) (0,1,5) (3,5,6) (2,6,7) (1,4,5) (0,1,3,5,6) {175,176,45,160,59,179,173,37}
[.###..#.] (1,2,3,6) (0,1,3,4,5,6,7) (0,2,4) (0,2,3,4,6,7) (1,2,3,4,5,7) (3,5,6) {43,27,38,37,49,24,31,30}
[.####.#...] (0,5,7,9) (0,2,3,4,5,6,8,9) (0,2,4,9) (2,3,4,8) (1,4,5,9) (0,2,3) (3,5) (0,3,6,8,9) (0,1,3,4,6,7,8,9) {52,26,31,63,53,43,40,27,49,55}
[......#] (5,6) (1,2,5,6) (1,4,5) (0,1,2,3,6) (1,2,3,4,5,6) (0,5) (1,2,3,4,5) (3,4,5,6) (0,1,2,3,5,6) {34,59,46,43,33,78,52}
[.##..#.#.] (1,2,5,7) (1,3,5,6,8) (0,1,4,6,7,8) (0,1,2,3,5,6,8) (0,1,2,3,4,5,7,8) (1,2,3,4,5,6,7,8) (0,1,4,5,6,8) (3,4,5) (4,5,6) {42,87,58,63,80,90,58,74,70}
[#..#] (0,3) (0,2) (1,3) (1,2) {36,25,33,28}
[#.#.#] (0,2,4) (1,4) (0,3) {14,187,4,10,191}
[##..#] (0,3,4) (0,1,2,3) (1,3,4) (1,2,4) (1,2) (0,1) {8,38,29,13,19}
[#.#..#] (1,2,4,5) (0,3,4,5) (0,1,2,3,5) (5) (1,2,5) (0,2) {30,142,145,27,136,175}
[##.##.###.] (0,1,2,3,4,6,7,8,9) (1,2,4,7) (1,3,6,7,9) (3,5) (0,1,3,4,6,7) (1,9) (1,6) (1,5,6) (1,2,3,5) (0,1,3,4,6,7,8) {17,97,24,52,35,34,67,55,14,34}
[.##.####.] (1,2,3,7) (1,3,4,5,7) (0,1,2,4,5,6,7) (2,3,4,5,6,7) (0,8) (4,5) (0,4,5,6) (1,8) (0,2) {37,58,43,34,45,45,17,44,25}
[......##] (1,2,7) (1,4,5) (0,3) (4,6) (2,5) (0,1,6) (0,1,2,3,4,6,7) {140,49,23,121,37,23,41,15}
[#...#..#..] (0,2,3,4,7,8) (0,1,2,3,4,5,6,8,9) (0,6,8) (5,6,7,9) (0,3,4,6,8,9) (0,7) (0,1,2,3,4,7,8,9) (0,4,6) (0,2,4,5,6,7,8,9) (5) (1,2,3,4,6,8,9) (0,1,2,3,4,6,8,9) {120,54,78,82,93,33,81,60,110,80}
[#.....#] (0,1,2,3,6) (0,1,2,3,4,5) (1,4,6) (0,2,4,5) (0,1) (0,1,2,5,6) (0,4,5) (1,3,6) {259,275,49,49,55,53,64}
[#####.] (1,3,4,5) (0,2,3,5) (0,1) (3,4,5) (0,1,2) (0,5) (2,3,4,5) {52,37,38,47,28,56}
[#.####] (0,3,4) (2,3,4,5) (2,5) (1,2,3,4,5) {14,7,26,27,27,26}
[#....#..] (3,4,6,7) (1,2,3,4,5) (0,1,2,4,5) (1) (0,1,2,3,4,6) (2,4,5,6) (0,3,7) (0,1,2,4,6) {42,58,57,36,65,33,33,10}
[....#...] (2,4,7) (0,7) (3,4,5,7) (1,2,3,5,6) (6) (0,1,2,3,4,5) (0,1,3,4,5,7) {43,46,39,49,43,49,35,49}
[....##.#.#] (0,1,2,3,5,7,9) (1,2,3,4,6,9) (4,5,7) (7,9) (2,4,5,6,7,8,9) (2,3,8,9) (0,6,7,9) (1,3,4,5,7) (1,2,5,8) (0,2,3,6,7,8,9) (0,1,2,3,4,5,6,8) {24,58,82,61,68,76,47,69,53,71}
[.#..] (1,2) (0,2,3) (2) {2,5,26,2}
[##.##.#] (0,1,3,6) (2,3,4,5) (0,1,3,5) (0,1,3,4,6) (2,3,4,6) {45,45,31,76,51,35,41}
[.....##] (2,6) (1,3,4,6) (0) (0,3,4) (0,3,4,5,6) (1,4,6) (1,5,6) (0,3) (2,3,5) {197,56,26,214,207,26,78}
[##.#.##] (4,5,6) (1,3,4,5,6) (1,2,5) (2,6) (0,2,3) (0,3,5) (0,1,3) (0,3) {171,171,36,179,19,40,38}
[.#####] (0,1,3,5) (4) (2,4) (1,3,4,5) (0,2,3) (0,1,2,5) {23,15,17,17,8,15}
[##..##....] (0,4) (0,1,2,3,4,8,9) (0,1,4,5,6,7,8,9) (1,2,3,5,7,8) (0,1,2,5,6,7,9) (0,1,2,3,4,6,7,8,9) (0,2,3,4,6,7,9) (0,1,2,3,4,5,7,8) (0,1,2,3,6,7,9) (1,2,9) (0,1,3,4,6,7,8,9) (3,4) {72,88,59,60,69,36,53,64,58,81}
